584
672
224
420
716
336
286
854
905
855
910
318
289
332
729
107
400
657
934
814
452
173
899
284
623
577
112
381
840
799
385
31
970
777
698
271
219
87
606
839
554
32
718
67
102
271
366
128
182
760
202
603
65
242
260
873
335
755
96
931
345
976
341
156
910
997
557
121
741
745
692
199
261
631
922
27
94
639
3
399
396
678
381
148
232
183
59
865
525
789
822
685
544
887
750
934
44
534
111
566
539
992
895
411
673
448
662
962
694
352
668
441
602
156
57
448
478
439
920
5
708
236
803
13
340
892
48
490
18
975
6
692
611
38
60
85
822
39
794
565
393
328
18
733
466
651
775
901
962
988
113
216
790
486
705
568
108
979
415
116
84
705
844
941
198
67
418
827
748
106
269
562
440
767
715
586
530
293
546
304
136
341
211
247
831
657
944
535
944
130
395
792
608
290
796
145
403
431
296
343
394
412
318
623
285
608
314
441
779
716
42
176
476
782
642
972
191
961
912
986
668
17
228
291
340
132
684
367
788
800
464
34
220
846
361
277
458
974
802
101
446
49
382
283
100
867
164
273
128
695
433
951
709
250
906
717
551
217
595
84
517
996
339
919
62
34
910
446
850
635
567
162
476
602
558
397
701
9
548
472
927
123
154
376
525
521
227
646
58
725
238
895
676
234
600
763
165
930
351
840
361
933
586
160
519
294
235
580
611
504
703
504
222
207
849
672
674
901
742
692
708
975
574
398
615
663
789
598
979
635
238
787
806
116
892
477
758
820
210
244
965
781
47
826
784
806
422
983
730
410
458
223
742
962
360
570
593
561
74
983
832
78
13
562
692
15
579
58
435
205
200
160
688
115
402
667
224
274
924
211
202
221
586
214
678
35
653
537
233
268
3
627
827
695
511
722
978
47
409
537
236
909
420
285
84
646
861
252
624
930
707
361
600
547
777
46
769
339
867
853
386
83
927
483
913
566
56
585
260
354
792
42
131
505
399
12
878
562
515
113
14
4
663
48
515
321
387
612
967
584
406
842
711
149
524
67
24
237
822
905
601
753
733
765
891
122
749
375
950
547
181
152
992
663
698
860
99
739
464
747
687
799
88
891
380
573
570
272
279
953
533
943
806
47
393
51
221
430
381
912
324
804
315
572
718
7
843
74
76
645
13
334
445
830
718
164
242
525
541
914
848
344
778
210
205
494
456
509
746
970
667
576
446
243
916
849
571
848
688
333
212
470
103
380
55
107
84
695
576
232
240
373
865
36
265
925
322
357
301
956
153
859
552
257
311
250
16
465
422
303
53
513
539
41
12
60
382
378
293
80
830
388
966
138
703
718
668
961
715
533
809
379
236
667
96
131
370
486
568
649
611
886
99
515
503
138
538
866
675
270
72
593
824
870
248
361
211
804
432
198
807
209
729
858
866
8
115
405
491
1
221
886
213
114
21
640
69
681
453
561
306
61
318
732
209
231
473
963
704
204
865
775
863
454
188
847
665
606
262
85
826
92
67
483
922
162
941
368
242
361
579
888
883
260
286
174
652
585
760
704
949
179
66
343
348
848
498
940
829
73
708
304
339
710
254
651
579
357
805
461
775
441
109
245
682
227
624
936
390
305
850
641
71
49
141
995
830
580
682
690
710
714
985
853
129
255
309
477
375
177
289
129
645
617
811
706
600
15
303
961
942
126
821
230
861
706
726
383
906
76
173
499
424
314
46
953
417
25
426
447
896
521
619
736
304
543
862
714
661
389
234
860
228
249
892
316
65
713
837
396
294
995
450
679
575
110
844
484
148
400
499
222
262
223
267
73
950
587
190
123
562
116
220
568
399
554
821
728
370
607
963
132
438
949
25
727
40
497
972
815
774
986
109
780
659
503
698
933
621
553
466
954
687
923
672
58
947
860
919
541
110
632
566
436
308
651
810
113
855
873
497
34
642
384
590
508
232
752
514
913
192
643
999
753
193
122
647
630
22
71
481
740
215
122
974
772
689
533
472
130
855
969
461
482
705
59
763
869
875
473
210
101
944
982
350
319
875
211
36
545
872
616
122
89
512
385
151
308
826
122
783
857
907
525
223
967
277
254
464
195
633
703
474
683
722
196
73
895
187
216
176
259
234
641
540
188
515
178
829
523
47
511
199
266
403
30
864
115
644
878
445
93
579
265
890
98
437
477
406
731
380
821
202
926
431
635
443
540
698
196
748
740
174
102
379
4
994
177
381
92
479
482
527
802
65
341
769
898
166
716
291
542
453
575
955
423
369
346
720
491
