335
816
476
906
235
593
555
904
506
457
925
493
743
625
926
811
814
989
598
860
153
169
474
607
405
86
836
514
79
64
390
15
374
381
863
371
693
330
318
158
320
435
961
159
388
388
167
885
947
676
84
21
809
842
782
903
995
524
821
523
426
307
689
488
721
259
570
129
426
857
1
416
990
207
882
517
725
82
267
751
547
279
440
895
908
729
953
849
600
264
380
403
77
926
209
821
806
130
931
41
121
666
670
458
874
787
872
387
703
723
762
656
253
731
632
541
992
482
438
243
7
687
356
699
800
9
619
90
931
867
857
147
483
536
977
577
787
54
613
657
869
489
72
196
890
767
680
244
814
712
577
535
860
436
235
787
420
596
505
556
20
314
273
423
891
725
187
260
371
309
262
922
544
767
121
625
361
296
309
695
872
948
643
649
517
565
318
584
674
446
122
212
690
812
604
458
428
906
741
839
582
321
311
41
596
878
512
871
118
802
22
327
914
715
285
741
950
58
432
32
881
11
153
403
86
401
438
134
106
751
285
103
392
901
684
153
961
654
892
405
792
206
25
916
752
43
239
932
981
358
283
91
472
87
591
189
460
611
976
389
914
953
466
580
288
212
836
727
640
444
614
709
267
476
219
501
507
966
880
907
239
547
5
88
348
667
222
398
985
425
809
377
265
92
768
870
267
615
10
666
973
205
949
72
60
812
817
867
502
696
28
933
425
412
384
409
410
460
923
811
356
872
757
170
586
470
785
357
958
611
685
80
798
752
858
143
238
415
24
170
578
996
965
745
864
327
431
276
919
499
692
228
420
519
519
755
911
639
59
833
34
719
658
790
162
368
92
519
909
297
567
706
796
350
485
162
334
563
547
377
843
628
861
695
475
766
953
915
932
523
12
559
480
647
562
542
993
379
754
795
56
24
94
360
706
653
418
883
191
639
948
586
247
760
167
121
107
265
218
59
50
164
330
596
811
12
331
220
875
601
572
116
933
103
85
212
306
942
915
783
386
509
567
928
569
597
563
793
153
957
510
321
598
917
220
666
41
267
872
171
53
888
423
998
401
696
234
399
90
157
997
632
202
650
375
210
174
24
345
20
930
505
455
762
800
602
965
545
487
22
381
972
908
366
798
846
733
695
345
35
318
729
339
999
131
498
658
871
715
906
184
30
235
383
628
438
846
195
854
310
574
797
1
435
996
979
738
499
166
149
120
845
207
696
43
722
32
817
354
533
536
421
721
311
200
981
337
136
141
500
801
269
634
84
355
359
645
7
884
804
374
56
815
376
869
374
337
684
655
117
852
443
558
160
206
428
213
769
510
548
388
317
299
162
735
86
227
285
58
893
476
279
46
611
880
967
854
317
611
995
856
313
366
229
712
712
568
760
595
398
631
928
985
409
494
392
216
185
357
967
60
502
704
959
755
370
11
571
693
319
618
889
859
259
706
942
577
181
923
416
367
290
447
615
583
606
559
955
144
42
801
320
268
238
820
994
744
589
145
133
13
650
310
857
487
546
766
696
892
621
562
564
533
837
550
948
853
887
882
447
746
475
241
423
880
529
544
928
788
590
676
878
195
710
67
481
303
346
338
751
299
119
627
796
43
6
995
941
450
264
137
251
455
952
409
77
833
19
37
782
104
277
839
520
153
766
301
616
200
866
457
486
698
344
740
204
336
85
537
844
840
655
205
283
674
705
356
957
760
179
733
58
870
131
363
746
663
977
942
805
326
947
892
53
750
388
348
932
523
376
822
83
715
395
275
17
243
565
666
71
934
539
139
675
527
759
798
224
116
504
328
932
247
262
31
650
699
486
84
909
445
409
525
698
721
712
445
631
466
262
16
632
362
429
191
198
608
138
613
776
167
521
767
612
379
838
1000
364
194
583
567
207
761
867
254
373
846
363
820
137
930
657
936
443
159
603
630
893
318
60
89
760
768
576
914
480
295
365
844
740
478
367
451
968
745
418
722
194
394
836
549
550
335
890
47
191
763
553
948
980
114
685
7
994
723
695
661
981
342
859
747
670
185
300
797
524
678
287
417
819
283
945
804
228
70
266
966
200
251
891
604
697
938
653
275
408
609
942
640
721
457
145
226
446
955
436
983
80
775
298
483
713
360
319
372
482
41
905
796
997
294
408
16
579
210
332
938
401
620
841
121
67
131
198
474
993
221
562
590
358
206
927
987
996
256
141
535
875
290
915
801
818
75
634
780
421
736
879
296
42
53
667
447
366
270
878
786
6
114
790
475
642
732
315
696
343
478
711
212
253
