875
645
464
993
124
29
915
537
486
365
613
746
92
237
814
304
651
906
383
50
916
37
741
682
858
709
2
85
585
156
63
1000
226
390
390
161
802
89
75
600
938
589
889
58
185
38
625
577
845
597
698
630
73
589
9
849
17
462
938
171
861
745
586
859
676
619
507
691
76
456
869
789
835
141
888
503
901
481
990
319
435
580
684
462
968
863
60
531
798
774
743
669
472
569
486
148
335
168
372
331
273
202
453
856
259
985
722
519
631
256
724
579
74
113
220
172
780
179
49
157
250
775
944
644
871
36
315
436
715
380
87
314
888
617
429
928
909
458
849
299
373
81
879
99
759
561
326
511
269
332
632
641
494
717
603
623
394
647
918
766
939
811
736
391
829
663
123
315
658
236
416
776
200
273
470
823
791
317
501
436
173
88
991
307
129
964
549
575
363
136
399
274
884
684
52
373
983
552
943
293
446
833
700
598
258
16
729
479
355
898
498
666
542
568
936
341
556
89
759
486
39
83
283
208
588
315
200
529
411
404
22
612
213
267
612
595
150
392
490
128
558
812
35
369
898
274
825
593
699
318
812
979
300
877
645
423
195
92
688
241
203
117
414
742
681
454
816
619
612
597
23
553
784
908
374
159
122
210
608
881
333
835
943
155
189
652
945
289
960
478
217
844
789
143
353
479
915
581
619
948
314
993
683
998
144
835
683
669
706
175
809
227
441
890
931
775
281
669
199
387
70
714
896
888
504
698
977
617
315
644
302
351
451
85
654
108
35
46
430
924
606
821
272
689
864
969
38
722
741
192
750
983
652
527
577
53
6
662
342
263
691
338
628
170
430
331
271
666
244
854
344
698
403
170
441
444
70
907
138
667
696
929
839
248
72
780
32
907
557
54
971
577
731
72
266
693
536
454
575
407
478
957
302
77
613
769
797
555
3
55
348
26
847
344
947
731
772
885
223
464
137
659
995
718
227
754
311
929
113
277
896
209
309
709
960
218
23
234
621
42
462
661
963
43
863
730
130
730
798
941
867
306
356
662
349
847
106
193
704
585
484
76
981
251
498
836
796
373
937
455
544
790
633
366
956
674
962
361
851
48
171
619
59
946
34
61
521
145
689
237
491
930
90
497
815
123
486
161
323
854
318
850
501
974
813
26
970
397
907
80
742
491
839
21
255
900
242
624
970
350
18
486
165
38
121
53
114
881
358
982
357
866
730
308
357
80
568
278
519
772
931
995
58
607
591
697
339
565
156
628
55
156
210
102
810
857
99
380
965
289
580
188
465
302
968
546
91
652
180
855
966
57
470
3
767
615
459
45
669
775
577
872
811
118
860
640
938
293
4
984
883
293
586
531
894
654
705
261
896
744
812
243
358
335
380
981
162
83
766
892
762
229
314
977
663
52
846
266
464
792
283
792
797
815
258
522
602
485
643
940
22
714
938
256
354
97
491
4
596
945
224
642
774
545
879
488
427
411
908
273
381
25
518
74
624
824
134
63
94
494
158
792
612
325
888
880
464
377
888
169
470
82
614
784
411
321
346
396
900
558
556
324
159
699
462
790
273
305
712
625
361
314
166
208
418
8
146
509
933
996
395
678
202
381
28
871
214
868
72
617
888
540
246
148
274
119
318
619
672
889
916
77
126
421
911
654
30
630
327
808
243
298
80
808
914
955
701
666
533
539
377
693
556
785
122
157
455
580
730
934
286
307
68
247
417
42
778
724
73
311
77
925
802
644
662
535
761
305
143
880
254
928
56
39
239
505
330
880
730
612
793
396
701
633
629
531
732
874
279
32
785
121
504
334
651
228
209
138
893
536
527
856
342
758
624
454
975
999
446
997
16
146
457
756
131
834
303
687
42
75
8
770
582
825
576
245
238
868
419
18
148
488
639
922
562
539
452
427
210
785
821
101
27
32
283
33
308
344
242
986
225
936
172
472
6
866
234
990
277
695
95
106
876
516
308
883
440
205
242
557
747
636
549
546
464
217
716
986
728
113
529
238
709
322
481
131
423
314
859
868
528
108
274
421
319
838
109
771
44
355
510
832
713
772
236
12
901
25
313
201
664
763
756
580
534
435
498
144
949
7
885
841
462
834
595
754
605
35
630
686
844
109
799
427
820
517
181
830
779
626
30
367
963
453
69
172
836
99
102
5
768
483
413
205
748
379
708
254
328
318
136
182
970
927
415
893
796
799
740
269
671
560
692
70
693
601
698
162
373
565
996
912
588
175
991
241
82
56
191
746
155
537
929
93
943
980
667
925
395
657
